Q0 930 1 0.2977116 
Q0 1070 2 0.292804 
Q0 1058 3 0.1989733 
Q0 1051 4 0.1833358 
Q0 1059 5 0.1448322 
Q0 926 6 0.1221294 
Q0 826 7 0.1183473 
Q0 365 8 0.1055839 
Q0 951 9 0.09857231 
Q0 936 10 0.09691989 
Q0 852 11 0.09125982 
Q0 739 12 0.08973314 
Q0 1091 13 0.08851582 
Q0 1053 14 0.08794104 
Q0 1024 15 0.08540746 
Q0 1360 16 0.0853274 
Q0 894 17 0.08199365 
Q0 1361 18 0.08030796 
Q0 136 19 0.07069042 
Q0 423 20 0.06998231 
Q0 1134 21 0.06968322 
Q0 262 22 0.06754407 
Q0 1041 23 0.0658582 
Q0 366 24 0.06563752 
Q0 931 25 0.06554606 
Q0 1044 26 0.06554081 
Q0 1135 27 0.06303102 
Q0 737 28 0.06192838 
Q0 743 29 0.06105391 
Q0 1140 30 0.05746485 
Q0 1118 31 0.0573528 
Q0 124 32 0.0573281 
Q0 1363 33 0.05662326 
Q0 1052 34 0.05627867 
Q0 928 35 0.05532663 
Q0 1174 36 0.05525421 
Q0 829 37 0.05501177 
Q0 820 38 0.0538354 
Q0 92 39 0.05347406 
Q0 915 40 0.05323004 
Q0 624 41 0.05247759 
Q0 1034 42 0.05228097 
Q0 1137 43 0.05158927 
Q0 419 44 0.05123177 
Q0 1281 45 0.05122998 
Q0 270 46 0.0511949 
Q0 563 47 0.0511949 
Q0 1342 48 0.0511949 
Q0 232 49 0.05103708 
Q0 19 50 0.05054248 
Q0 956 51 0.04921713 
Q0 851 52 0.04915954 
Q0 962 53 0.04799489 
Q0 1126 54 0.04754044 
Q0 467 55 0.0472391 
Q0 1261 56 0.04689747 
Q0 1043 57 0.04665838 
Q0 1036 58 0.04618944 
Q0 688 59 0.04602215 
Q0 1068 60 0.04600954 
Q0 1117 61 0.04548672 
Q0 455 62 0.04535431 
Q0 980 63 0.04535431 
Q0 1386 64 0.04535431 
Q0 1008 65 0.04492236 
Q0 833 66 0.04422547 
Q0 648 67 0.04179482 
Q0 955 68 0.04152703 
Q0 193 69 0.04121849 
Q0 830 70 0.04096628 
Q0 744 71 0.04074895 
Q0 828 72 0.04052227 
Q0 798 73 0.03995112 
Q0 1056 74 0.03893103 
Q0 1364 75 0.03890159 
Q0 889 76 0.03749572 
Q0 760 77 0.03661963 
Q0 1071 78 0.03637709 
Q0 1145 79 0.03637709 
Q0 122 80 0.03630427 
Q0 937 81 0.03605716 
Q0 1208 82 0.03605716 
Q0 934 83 0.03593154 
Q0 329 84 0.03563422 
Q0 590 85 0.03494123 
Q0 476 86 0.03417872 
Q0 317 87 0.03413112 
Q0 765 88 0.03395746 
Q0 863 89 0.0331691 
Q0 1343 90 0.0325469 
Q0 1182 91 0.03250703 
Q0 1307 92 0.03222499 
Q0 84 93 0.0320874 
Q0 267 94 0.0320874 
Q0 1362 95 0.03203334 
Q0 605 96 0.03158906 
Q0 320 97 0.03151813 
Q0 1138 98 0.03142056 
Q0 425 99 0.03128431 
Q0 147 100 0.03128017 
Q0 520 101 0.03127212 
Q0 186 102 0.03077008 
Q0 1371 103 0.03027135 
Q0 680 104 0.03004763 
Q0 417 105 0.0297838 
Q0 1294 106 0.02973758 
Q0 753 107 0.02953695 
Q0 47 108 0.02952821 
Q0 277 109 0.02952821 
Q0 432 110 0.02952821 
Q0 443 111 0.02951356 
Q0 1207 112 0.02876166 
Q0 883 113 0.02853626 
Q0 947 114 0.02847854 
Q0 1384 115 0.02846343 
Q0 522 116 0.02819687 
Q0 638 117 0.02775818 
Q0 628 118 0.02775641 
Q0 31 119 0.02762948 
Q0 603 120 0.0276271 
Q0 988 121 0.02753392 
Q0 756 122 0.02742994 
Q0 211 123 0.02690305 
Q0 315 124 0.02654074 
Q0 792 125 0.02654074 
Q0 730 126 0.02650166 
Q0 1119 127 0.02637058 
Q0 90 128 0.02620592 
Q0 685 129 0.02601249 
Q0 1248 130 0.02583062 
Q0 130 131 0.025335 
Q0 1000 132 0.02527124 
Q0 990 133 0.02473088 
Q0 381 134 0.02424247 
Q0 128 135 0.02405952 
Q0 575 136 0.02401472 
Q0 656 137 0.02401472 
Q0 1025 138 0.02388275 
Q0 530 139 0.02360051 
Q0 802 140 0.02356542 
Q0 1297 141 0.02356542 
Q0 265 142 0.02354121 
Q0 992 143 0.02354017 
Q0 886 144 0.02344615 
Q0 24 145 0.02298594 
Q0 622 146 0.02298594 
Q0 921 147 0.02298594 
Q0 395 148 0.02277074 
Q0 589 149 0.02225077 
Q0 583 150 0.02185038 
Q0 1337 151 0.02183827 
Q0 145 152 0.02171572 
Q0 836 153 0.02171572 
Q0 870 154 0.02171572 
Q0 1130 155 0.02171572 
Q0 163 156 0.02103334 
Q0 773 157 0.02087959 
Q0 633 158 0.02077389 
Q0 887 159 0.02051538 
Q0 533 160 0.02044399 
Q0 854 161 0.02030496 
Q0 1129 162 0.02030496 
Q0 865 163 0.02017818 
Q0 188 164 0.01978471 
Q0 1136 165 0.01966709 
Q0 58 166 0.01963785 
Q0 220 167 0.01963785 
Q0 435 168 0.01963785 
Q0 653 169 0.01963785 
Q0 816 170 0.01963785 
Q0 908 171 0.01963785 
Q0 1336 172 0.01963785 
Q0 1323 173 0.01953699 
Q0 216 174 0.01922422 
Q0 848 175 0.0191437 
Q0 953 176 0.0191437 
Q0 588 177 0.01901148 
Q0 764 178 0.01891803 
Q0 890 179 0.01891803 
Q0 133 180 0.01873683 
Q0 666 181 0.01809643 
Q0 873 182 0.01809643 
Q0 961 183 0.01809643 
Q0 1265 184 0.01809643 
Q0 794 185 0.01791455 
Q0 657 186 0.01780619 
Q0 289 187 0.0174803 
Q0 781 188 0.0174803 
Q0 1224 189 0.0174803 
Q0 25 190 0.017257 
Q0 1048 191 0.01703666 
Q0 853 192 0.0169208 
Q0 898 193 0.0169208 
Q0 1172 194 0.0169208 
Q0 847 195 0.01675074 
Q0 640 196 0.01664615 
Q0 957 197 0.01611719 
Q0 362 198 0.01575906 
Q0 639 199 0.01575906 
Q0 623 200 0.01573367 
Q0 989 201 0.01573367 
Q0 1198 202 0.01573367 
Q0 164 203 0.01571028 
Q0 172 204 0.01571028 
Q0 177 205 0.01571028 
Q0 822 206 0.01571028 
Q0 845 207 0.01571028 
Q0 986 208 0.01571028 
Q0 371 209 0.01483849 
Q0 420 210 0.01483849 
Q0 1188 211 0.01483849 
Q0 1064 212 0.01475418 
Q0 337 213 0.01468936 
Q0 514 214 0.01468936 
Q0 827 215 0.01460589 
Q0 179 216 0.01447714 
Q0 219 217 0.01447714 
Q0 675 218 0.01447714 
Q0 1339 219 0.01447714 
Q0 1244 220 0.01443571 
Q0 233 221 0.01381474 
Q0 643 222 0.01381474 
Q0 813 223 0.01381474 
Q0 940 224 0.01381474 
Q0 979 225 0.01381474 
Q0 1109 226 0.01381474 
Q0 1183 227 0.01381474 
Q0 411 228 0.01378918 
Q0 461 229 0.01378918 
Q0 687 230 0.01378918 
Q0 212 231 0.0137465 
Q0 631 232 0.01362933 
Q0 642 233 0.01362933 
Q0 647 234 0.01362933 
Q0 838 235 0.01362933 
Q0 1050 236 0.01362933 
Q0 740 237 0.01353664 
Q0 769 238 0.01353664 
Q0 841 239 0.01353664 
Q0 850 240 0.01353664 
Q0 885 241 0.01353664 
Q0 938 242 0.01353664 
Q0 1029 243 0.01353664 
Q0 1171 244 0.01353664 
Q0 406 245 0.01345212 
Q0 576 246 0.01311023 
Q0 49 247 0.01310296 
Q0 281 248 0.01277543 
Q0 347 249 0.01259088 
Q0 1001 250 0.01259088 
Q0 52 251 0.01204674 
Q0 454 252 0.01204674 
Q0 644 253 0.01204674 
Q0 1015 254 0.01204674 
Q0 1089 255 0.01204674 
Q0 929 256 0.01196481 
Q0 1122 257 0.01196481 
Q0 763 258 0.01192566 
Q0 821 259 0.01192566 
Q0 683 260 0.01187079 
Q0 741 261 0.01184456 
Q0 742 262 0.01184456 
Q0 761 263 0.01184456 
Q0 671 264 0.0118193 
Q0 1219 265 0.0118193 
Q0 976 266 0.01180025 
Q0 17 267 0.01151228 
Q0 379 268 0.01151228 
Q0 618 269 0.01151228 
Q0 630 270 0.01151228 
Q0 843 271 0.01151228 
Q0 1273 272 0.01151228 
Q0 326 273 0.0108754 
Q0 1358 274 0.0108754 
Q0 483 275 0.01084031 
Q0 879 276 0.01084031 
Q0 1293 277 0.01060426 
Q0 1230 278 0.0104924 
Q0 534 279 0.01025343 
Q0 1099 280 0.01025343 
Q0 422 281 0.010222 
Q0 641 282 0.010222 
Q0 673 283 0.010222 
Q0 1033 284 0.010222 
Q0 1055 285 0.010222 
Q0 1332 286 0.010222 
Q0 1013 287 0.01015248 
Q0 32 288 0.009849414 
Q0 477 289 0.009849414 
Q0 497 290 0.009849414 
Q0 1153 291 0.009849414 
Q0 1231 292 0.009849414 
Q0 1107 293 0.00963739 
Q0 198 294 0.009209826 
Q0 213 295 0.009209826 
Q0 779 296 0.009209826 
Q0 869 297 0.009209826 
Q0 1195 298 0.009209826 
Q0 1209 299 0.009209826 
Q0 1252 300 0.009209826 
Q0 1277 301 0.009209826 
Q0 1320 302 0.009209826 
Q0 109 303 0.009183555 
Q0 1094 304 0.009183555 
Q0 1357 305 0.009062834 
Q0 429 306 0.009033595 
Q0 551 307 0.009033595 
Q0 1266 308 0.009033595 
Q0 531 309 0.00851833 
Q0 627 310 0.00851833 
Q0 924 311 0.00851833 
Q0 324 312 0.008483405 
Q0 436 313 0.008483405 
Q0 1256 314 0.008483405 
Q0 1359 315 0.008483405 
Q0 428 316 0.0084604 
Q0 191 317 0.00839392 
Q0 282 318 0.00839392 
Q0 341 319 0.00839392 
Q0 601 320 0.00839392 
Q0 682 321 0.00839392 
Q0 1351 322 0.00839392 
Q0 874 323 0.008058597 
Q0 54 324 0.007879532 
Q0 72 325 0.007879532 
Q0 370 326 0.007879532 
Q0 459 327 0.007879532 
Q0 734 328 0.007879532 
Q0 1179 329 0.007879532 
Q0 1246 330 0.007879532 
Q0 1330 331 0.007879532 
Q0 201 332 0.007848645 
Q0 426 333 0.007848645 
Q0 959 334 0.007848645 
Q0 1372 335 0.007848645 
Q0 1304 336 0.007823323 
Q0 30 337 0.00769007 
Q0 496 338 0.00769007 
Q0 528 339 0.00769007 
Q0 723 340 0.00769007 
Q0 967 341 0.007665259 
Q0 338 342 0.007498341 
Q0 1223 343 0.007422979 
Q0 565 344 0.007346844 
Q0 1321 345 0.007346844 
Q0 1066 346 0.007344679 
Q0 10 347 0.007250268 
Q0 21 348 0.007250268 
Q0 65 349 0.007250268 
Q0 226 350 0.007250268 
Q0 241 351 0.007250268 
Q0 312 352 0.007250268 
Q0 361 353 0.007250268 
Q0 398 354 0.007250268 
Q0 437 355 0.007250268 
Q0 650 356 0.007250268 
Q0 862 357 0.007250268 
Q0 871 358 0.007250268 
Q0 1014 359 0.007250268 
Q0 1060 360 0.007250268 
Q0 1283 361 0.007250268 
Q0 1367 362 0.007250268 
Q0 143 363 0.007226876 
Q0 378 364 0.007226876 
Q0 399 365 0.007226876 
Q0 537 366 0.007226876 
Q0 543 367 0.007226876 
Q0 591 368 0.007226876 
Q0 978 369 0.007226876 
Q0 1124 370 0.007226876 
Q0 1267 371 0.007226876 
Q0 101 372 0.00689459 
Q0 486 373 0.006814664 
Q0 569 374 0.006814664 
Q0 709 375 0.006814664 
Q0 1127 376 0.006814664 
Q0 1175 377 0.00676832 
Q0 189 378 0.006428489 
Q0 39 379 0.006408392 
Q0 1017 380 0.006408392 
Q0 1259 381 0.006408392 
Q0 1344 382 0.006408392 
Q0 214 383 0.006387717 
Q0 345 384 0.006387717 
Q0 1278 385 0.006387717 
Q0 1295 386 0.006387717 
Q0 12 387 0.006362554 
Q0 169 388 0.006362554 
Q0 228 389 0.006362554 
Q0 448 390 0.006362554 
Q0 515 391 0.006362554 
Q0 783 392 0.006362554 
Q0 922 393 0.006362554 
Q0 1012 394 0.006362554 
Q0 1032 395 0.006362554 
Q0 1161 396 0.006362554 
Q0 46 397 0.006343984 
Q0 67 398 0.006343984 
Q0 516 399 0.006343984 
Q0 581 400 0.006343984 
Q0 715 401 0.006343984 
Q0 716 402 0.006343984 
Q0 1377 403 0.006343984 
Q0 1399 404 0.006343984 
Q0 141 405 0.006323516 
Q0 284 406 0.006323516 
Q0 444 407 0.006323516 
Q0 445 408 0.006323516 
Q0 481 409 0.006323516 
Q0 527 410 0.006323516 
Q0 652 411 0.006323516 
Q0 1120 412 0.006323516 
Q0 1388 413 0.006323516 
Q0 1250 414 0.006278916 
Q0 427 415 0.005998673 
Q0 484 416 0.005998673 
Q0 786 417 0.005998673 
Q0 991 418 0.005998673 
Q0 293 419 0.005437701 
Q0 354 420 0.005437701 
Q0 390 421 0.005437701 
Q0 506 422 0.005437701 
Q0 525 423 0.005437701 
Q0 585 424 0.005437701 
Q0 596 425 0.005437701 
Q0 681 426 0.005437701 
Q0 725 427 0.005437701 
Q0 911 428 0.005437701 
Q0 952 429 0.005437701 
Q0 984 430 0.005437701 
Q0 1054 431 0.005437701 
Q0 1162 432 0.005437701 
Q0 1190 433 0.005437701 
Q0 1232 434 0.005437701 
Q0 1237 435 0.005437701 
Q0 1275 436 0.005437701 
Q0 1288 437 0.005437701 
Q0 18 438 0.005420157 
Q0 69 439 0.005420157 
Q0 111 440 0.005420157 
Q0 159 441 0.005420157 
Q0 248 442 0.005420157 
Q0 273 443 0.005420157 
Q0 278 444 0.005420157 
Q0 305 445 0.005420157 
Q0 316 446 0.005420157 
Q0 319 447 0.005420157 
Q0 359 448 0.005420157 
Q0 367 449 0.005420157 
Q0 500 450 0.005420157 
Q0 508 451 0.005420157 
Q0 550 452 0.005420157 
Q0 587 453 0.005420157 
Q0 617 454 0.005420157 
Q0 755 455 0.005420157 
Q0 985 456 0.005420157 
Q0 1005 457 0.005420157 
Q0 1020 458 0.005420157 
Q0 1065 459 0.005420157 
Q0 1087 460 0.005420157 
Q0 1159 461 0.005420157 
Q0 1191 462 0.005420157 
Q0 1192 463 0.005420157 
Q0 1243 464 0.005420157 
Q0 1254 465 0.005420157 
Q0 13 466 0.005302128 
Q0 249 467 0.005302128 
Q0 299 468 0.005302128 
Q0 446 469 0.005302128 
Q0 464 470 0.005302128 
Q0 511 471 0.005302128 
Q0 593 472 0.005302128 
Q0 754 473 0.005302128 
Q0 784 474 0.005302128 
Q0 785 475 0.005302128 
Q0 796 476 0.005302128 
Q0 824 477 0.005302128 
Q0 943 478 0.005302128 
Q0 971 479 0.005302128 
Q0 1095 480 0.005302128 
Q0 1114 481 0.005302128 
Q0 1115 482 0.005302128 
Q0 1169 483 0.005302128 
Q0 1206 484 0.005302128 
Q0 1349 485 0.005302128 
Q0 1365 486 0.005302128 
Q0 83 487 0.005248839 
Q0 373 488 0.005248839 
Q0 560 489 0.005126713 
Q0 1216 490 0.005126713 
Q0 1291 491 0.005126713 
Q0 294 492 0.005110173 
Q0 458 493 0.005110173 
Q0 658 494 0.005110173 
Q0 975 495 0.005110173 
Q0 1220 496 0.005110173 
Q0 1387 497 0.005110173 
Q0 15 498 0.004531417 
Q0 16 499 0.004531417 
Q0 35 500 0.004531417 
Q0 57 501 0.004531417 
Q0 60 502 0.004531417 
Q0 64 503 0.004531417 
Q0 114 504 0.004531417 
Q0 190 505 0.004531417 
Q0 204 506 0.004531417 
Q0 235 507 0.004531417 
Q0 247 508 0.004531417 
Q0 263 509 0.004531417 
Q0 288 510 0.004531417 
Q0 368 511 0.004531417 
Q0 538 512 0.004531417 
Q0 719 513 0.004531417 
Q0 762 514 0.004531417 
Q0 881 515 0.004531417 
Q0 899 516 0.004531417 
Q0 968 517 0.004531417 
Q0 998 518 0.004531417 
Q0 1074 519 0.004531417 
Q0 1163 520 0.004531417 
Q0 1200 521 0.004531417 
Q0 1241 522 0.004531417 
Q0 1290 523 0.004531417 
Q0 1296 524 0.004531417 
Q0 1334 525 0.004531417 
Q0 20 526 0.004516798 
Q0 34 527 0.004516798 
Q0 55 528 0.004516798 
Q0 88 529 0.004516798 
Q0 112 530 0.004516798 
Q0 118 531 0.004516798 
Q0 297 532 0.004516798 
Q0 311 533 0.004516798 
Q0 348 534 0.004516798 
Q0 580 535 0.004516798 
Q0 724 536 0.004516798 
Q0 793 537 0.004516798 
Q0 803 538 0.004516798 
Q0 804 539 0.004516798 
Q0 839 540 0.004516798 
Q0 867 541 0.004516798 
Q0 1078 542 0.004516798 
Q0 202 543 0.004485874 
Q0 77 544 0.004471401 
Q0 53 545 0.004241703 
Q0 59 546 0.004241703 
Q0 97 547 0.004241703 
Q0 100 548 0.004241703 
Q0 149 549 0.004241703 
Q0 255 550 0.004241703 
Q0 276 551 0.004241703 
Q0 325 552 0.004241703 
Q0 334 553 0.004241703 
Q0 369 554 0.004241703 
Q0 434 555 0.004241703 
Q0 540 556 0.004241703 
Q0 561 557 0.004241703 
Q0 595 558 0.004241703 
Q0 620 559 0.004241703 
Q0 707 560 0.004241703 
Q0 766 561 0.004241703 
Q0 788 562 0.004241703 
Q0 825 563 0.004241703 
Q0 837 564 0.004241703 
Q0 846 565 0.004241703 
Q0 859 566 0.004241703 
Q0 1075 567 0.004241703 
Q0 1242 568 0.004241703 
Q0 1263 569 0.004241703 
Q0 1300 570 0.004241703 
Q0 1322 571 0.004241703 
Q0 110 572 0.00371149 
Q0 151 573 0.00371149 
Q0 401 574 0.00371149 
Q0 811 575 0.00371149 
Q0 946 576 0.00371149 
Q0 1144 577 0.00371149 
Q0 29 578 0.003625134 
Q0 123 579 0.003625134 
Q0 135 580 0.003625134 
Q0 170 581 0.003625134 
Q0 252 582 0.003625134 
Q0 328 583 0.003625134 
Q0 352 584 0.003625134 
Q0 599 585 0.003625134 
Q0 646 586 0.003625134 
Q0 701 587 0.003625134 
Q0 733 588 0.003625134 
Q0 814 589 0.003625134 
Q0 914 590 0.003625134 
Q0 974 591 0.003625134 
Q0 1199 592 0.003625134 
Q0 1226 593 0.003625134 
Q0 1235 594 0.003625134 
Q0 33 595 0.003613438 
Q0 85 596 0.003613438 
Q0 155 597 0.003613438 
Q0 207 598 0.003613438 
Q0 222 599 0.003613438 
Q0 229 600 0.003613438 
Q0 230 601 0.003613438 
Q0 266 602 0.003613438 
Q0 283 603 0.003613438 
Q0 342 604 0.003613438 
Q0 466 605 0.003613438 
Q0 562 606 0.003613438 
Q0 579 607 0.003613438 
Q0 649 608 0.003613438 
Q0 799 609 0.003613438 
Q0 933 610 0.003613438 
Q0 966 611 0.003613438 
Q0 1035 612 0.003613438 
Q0 1108 613 0.003613438 
Q0 1157 614 0.003613438 
Q0 1225 615 0.003613438 
Q0 1274 616 0.003613438 
Q0 1280 617 0.003613438 
Q0 1302 618 0.003613438 
Q0 1319 619 0.003613438 
Q0 1347 620 0.003613438 
Q0 1356 621 0.003613438 
Q0 1383 622 0.003613438 
Q0 1391 623 0.003613438 
Q0 433 624 0.003181277 
Q0 73 625 0.003171992 
Q0 210 626 0.003171992 
Q0 625 627 0.003171992 
Q0 1268 628 0.003171992 
Q0 1271 629 0.003171992 
Q0 1382 630 0.003171992 
Q0 1392 631 0.003171992 
Q0 9 632 0.003161758 
Q0 14 633 0.003161758 
Q0 140 634 0.003161758 
Q0 234 635 0.003161758 
Q0 548 636 0.003161758 
Q0 757 637 0.003161758 
Q0 917 638 0.003161758 
Q0 1061 639 0.003161758 
Q0 1104 640 0.003161758 
Q0 1373 641 0.003161758 
Q0 94 642 0.00271885 
Q0 244 643 0.002710079 
Q0 572 644 0.002710079 
Q0 1072 645 0.002710079 
Q0 1147 646 0.002710079 
Q0 1239 647 0.002710079 
Q0 721 648 0.002651064 
Q0 1040 649 0.002651064 
Q0 1201 650 0.002265709 
Q0 1313 651 0.002265709 
